14
0 27 21 26 20 22 25 16 27 20 20 7 45 11
27 0 21 7 28 24 45 30 1 38 25 20 42 16
21 21 0 26 8 3 27 34 20 20 5 19 26 14
26 7 26 0 33 29 48 25 8 41 30 19 49 17
20 28 8 33 0 6 19 36 27 12 3 21 25 17
22 24 3 29 6 0 25 36 23 18 3 21 24 16
25 45 27 48 19 25 0 40 45 7 22 31 39 31
16 30 34 25 36 36 40 0 31 36 35 15 60 21
27 1 20 8 27 23 45 31 0 38 24 20 41 16
20 38 20 41 12 18 7 36 38 0 15 26 33 24
20 25 5 30 3 3 22 35 24 15 0 20 25 15
7 20 19 19 21 21 31 15 20 26 20 0 45 6
45 42 26 49 25 24 39 60 41 33 25 45 0 40
11 16 14 17 17 16 31 21 16 24 15 6 40 0
0         375      
276       297      
125       156      
107       127      
141       169      
143       165      
219       231      
19        40       
88        109      
173       185      
133       155      
2         21       
306       329      
84        99       
