12
0 21 30 21 34 3 2 32 36 36 40 45
21 0 23 10 23 24 21 30 17 20 19 47
30 23 0 13 6 31 31 9 18 13 29 26
21 10 13 0 15 23 21 20 16 15 22 37
34 23 6 15 0 36 35 14 14 9 25 29
3 24 31 23 36 0 4 32 39 38 43 45
2 21 31 21 35 4 0 34 36 36 40 47
32 30 9 20 14 32 34 0 27 22 38 16
36 17 18 16 14 39 36 27 0 5 11 43
36 20 13 15 9 38 36 22 5 0 16 38
40 19 29 22 25 43 40 38 11 16 0 54
45 47 26 37 29 45 47 16 43 38 54 0
0         417      
23        40       
171       177      
85        115      
68        76       
0         20       
308       337      
109       119      
46        68       
76        102      
193       222      
143       160      
