13
0 31 16 5 18 31 28 16 32 28 14 5 5
31 0 21 32 41 4 18 23 8 32 20 35 36
16 21 0 14 33 24 28 2 18 16 18 21 18
5 32 14 0 22 33 32 13 32 24 18 9 4
18 41 33 22 0 40 30 34 45 46 20 13 21
31 4 24 33 40 0 14 26 12 36 20 35 36
28 18 28 32 30 14 0 30 25 44 14 29 33
16 23 2 13 34 26 30 0 20 14 20 21 17
32 8 18 32 45 12 25 20 0 26 24 36 36
28 32 16 24 46 36 44 14 26 0 34 33 28
14 20 18 18 20 20 14 20 24 34 0 16 19
5 35 21 9 13 35 29 21 36 33 16 0 8
5 36 18 4 21 36 33 17 36 28 19 8 0
0         408      
369       377      
10        41       
4         23       
166       183      
115       126      
117       142      
43        68       
91        115      
67        92       
134       151      
0         19       
179       203      
