11
0 16 31 17 27 27 31 19 30 31 30
16 0 25 24 27 34 36 24 30 44 43
31 25 0 23 11 26 24 19 12 44 44
17 24 23 0 14 10 14 4 16 21 21
27 27 11 14 0 15 13 10 3 33 33
27 34 26 10 15 0 5 10 15 18 18
31 36 24 14 13 5 0 12 12 22 22
19 24 19 4 10 10 12 0 12 25 25
30 30 12 16 3 15 12 12 0 33 33
31 44 44 21 33 18 22 25 33 0 1
30 43 44 21 33 18 22 25 33 1 0
0         318      
0         24       
196       226      
161       186      
25        53       
78        98       
185       206      
65        89       
55        76       
246       272      
140       162      
